44	-355	-109	-89	307	1190	1	1	-60	198	-89	-109	-89	307	307	307	78	1	2	11	1	2	0	259	
170	317	699	249	533	0	0	1	-60	376	-175	699	249	534	534	534	4	1	1	3	2	1	2	176	
336	-146	624	-39	307	0	0	1	60	388	157	624	-39	308	308	308	46	1	1	2	3	11	2	121	
-527	24	424	-90	957	0	0	1	60	-167	419	-6	-90	534	534	534	75	1	1	15	4	4	1	125	
171	266	-324	173	503	0	0	1	60	5	-209	-324	173	504	504	504	16	1	1	6	5	12	1	89	
833	-235	813	107	342	0	0	1	60	527	-81	813	107	343	343	343	17	1	1	16	6	9	3	237	
114	263	-507	304	622	0	0	1	60	-232	-254	-507	304	623	623	623	20	1	1	5	7	16	1	74	
-435	-115	98	-133	533	1401	1	1	60	-152	338	98	-133	534	534	534	110	1	2	10	8	8	1	77	
-822	-320	-231	291	850	0	0	1	-60	-451	-419	-551	-49	384	384	384	73	1	1	9	9	5	2	94	
505	384	417	-334	724	1584	1	1	-60	-160	102	417	-334	724	724	724	119	1	2	13	10	13	2	109	
606	-352	49	290	850	1656	1	1	-60	823	417	49	220	799	799	799	83	1	2	1	11	3	1	118	
-51	-370	105	-65	342	1205	1	1	-60	292	-352	105	-65	343	343	343	115	1	2	14	12	14	1	193	
800	-294	-149	-177	957	1807	1	1	-60	527	414	51	-177	759	759	759	98	1	2	8	13	10	1	68	
-161	-394	-349	73	503	1305	1	1	60	-659	-323	-349	73	504	504	504	127	1	2	12	14	6	2	79	
-430	-289	-122	367	724	0	0	1	-60	293	-227	-122	367	725	725	725	5	1	1	7	15	7	2	56	
508	-196	-86	-14	622	1500	1	1	-60	369	410	-86	-14	622	622	622	47	1	2	4	16	15	1	60	
442	-260	662	284	586	1468	1	2	60	81	203	662	284	587	587	587	125	4	2	32	17	19	3	179	
566	365	-192	119	798	1627	1	2	60	401	-414	-192	119	797	797	797	62	4	2	31	18	32	2	85	
467	0	815	400	529	1391	1	2	60	362	417	775	300	430	430	430	18	4	2	24	19	18	1	115	
-362	151	436	186	798	0	0	2	-60	8	-418	316	186	679	679	679	99	4	1	17	20	29	2	114	
282	166	709	60	440	1283	1	2	-60	404	-256	709	60	440	440	440	103	4	2	30	21	28	1	67	
-487	-4	-304	163	247	0	0	2	-60	-250	-78	-304	163	248	248	248	82	4	1	20	22	20	2	146	
-133	-228	-713	-140	586	0	0	2	-60	-346	319	-713	-140	587	587	587	121	4	1	29	23	22	3	171	
-584	100	162	-404	900	0	0	2	60	181	417	72	-404	828	828	828	105	4	1	23	24	23	2	101	
514	413	-175	189	725	1606	1	2	60	364	-295	-175	189	725	725	725	11	4	2	28	25	17	1	67	
857	281	655	-110	440	0	0	2	-60	418	261	655	-110	441	441	441	55	4	1	18	26	27	2	127	
192	-209	-96	-405	348	0	0	2	-60	-121	-57	-96	-405	349	349	349	79	4	1	26	27	30	2	66	
280	-115	-245	-48	529	0	0	2	-60	76	374	-245	-48	530	530	530	77	4	1	21	28	21	2	49	
-38	-17	67	-240	247	998	1	2	-60	-178	-219	67	-240	247	247	247	97	4	2	27	29	24	2	62	
544	-136	-146	-361	725	0	0	2	-60	5	350	-146	-361	726	726	726	14	4	1	25	30	26	3	157	
-254	81	74	201	348	1221	1	2	-60	14	-143	74	201	350	350	350	30	4	2	22	31	31	2	72	
802	107	-43	415	900	1743	1	2	60	143	-418	17	415	844	844	844	39	4	2	19	32	25	1	71	
-448	-22	-189	-234	334	0	0	3	-60	-502	-352	-189	-234	335	335	335	32	3	1	40	33	40	2	69	
429	409	-220	223	676	1532	1	3	60	266	-246	-220	223	676	676	676	28	3	2	33	34	38	1	95	
731	-211	-90	10	850	0	0	3	-60	622	420	130	10	641	641	641	64	3	1	35	35	35	0	0	
654	337	-195	352	850	1692	1	3	60	217	-390	-195	352	850	850	850	19	3	2	41	36	42	2	125	
582	16	23	-317	650	0	0	3	-60	15	334	23	-317	651	651	651	102	3	1	47	37	37	2	73	
-449	286	-499	18	272	0	0	3	60	-241	109	-499	18	273	273	273	50	3	1	48	38	41	2	47	
339	214	-65	-113	520	1356	1	3	60	421	-299	-65	-113	520	520	520	74	3	2	42	39	33	2	63	
85	-311	109	23	334	1194	1	3	60	-192	-123	109	23	335	335	335	52	3	2	43	40	36	1	66	
-101	227	159	-224	520	0	0	3	60	420	227	159	-224	521	521	521	72	3	1	44	41	43	2	114	
8	204	734	207	726	0	0	3	-60	369	-414	724	207	717	717	717	37	3	1	36	42	44	2	65	
571	77	-70	179	650	1514	1	3	60	168	-418	-60	179	640	640	640	94	3	2	46	43	47	1	134	
-2	304	78	44	272	1125	1	3	-60	-187	105	78	44	273	273	273	3	3	2	38	44	46	3	145	
-49	147	65	-263	425	0	0	3	60	364	41	65	-263	426	426	426	59	3	1	34	45	48	1	53	
35	-95	-625	52	676	0	0	3	-60	-87	412	-465	52	522	522	522	107	3	1	37	46	39	2	63	
641	-195	-79	-283	726	1622	1	3	-60	205	385	-79	-283	726	726	726	51	3	2	39	47	34	1	39	
235	226	570	-35	425	1271	1	3	60	629	386	570	-35	425	425	425	41	3	2	45	48	45	1	59	
-441	323	-672	-249	617	1498	1	4	60	-61	-163	-672	-249	617	617	617	67	2	2	61	49	59	2	43	
767	56	-72	-153	865	1695	1	4	-60	317	419	228	-153	579	579	579	87	2	2	62	50	60	1	118	
578	394	208	-365	845	1652	1	4	-60	-264	335	208	-365	845	845	845	21	2	2	51	51	58	1	81	
409	225	685	-272	569	1423	1	4	-60	117	-262	685	-272	569	569	569	35	2	2	50	52	50	1	64	
32	-338	-734	19	845	0	0	4	-60	9	418	-634	19	756	756	756	58	2	1	63	53	55	2	27	
591	161	-77	-5	689	1562	1	4	60	451	-413	23	-5	592	592	592	95	2	2	59	54	51	1	99	
-843	329	-2	125	865	0	0	4	-60	-649	-414	-102	125	769	769	769	70	2	1	64	55	63	2	207	
-488	-167	-105	317	617	0	0	4	-60	123	-256	-105	317	618	618	618	8	2	1	58	56	54	2	57	
262	-240	59	217	500	1301	1	4	60	-235	-187	59	217	501	501	501	38	2	2	53	57	61	1	89	
158	313	101	-47	365	1254	1	4	-60	-182	183	101	-47	365	365	365	118	2	2	52	58	53	2	59	
-310	-269	375	-187	689	0	0	4	60	-38	366	375	-187	690	690	690	12	2	1	49	59	62	2	41	
704	361	735	-208	569	0	0	4	-60	227	50	735	-208	570	570	570	7	2	1	57	60	52	2	41	
370	410	731	356	365	0	0	4	-60	504	71	731	356	366	366	366	90	2	1	54	61	64	2	71	
-243	-24	-11	72	251	0	0	4	-60	-43	-176	-11	72	252	252	252	23	2	1	56	62	49	1	72	
727	349	256	179	500	0	0	4	60	639	-143	256	179	501	501	501	71	2	1	55	63	57	2	65	
64	219	303	142	251	1123	1	4	60	251	388	303	142	252	252	252	68	2	2	60	64	56	2	66	
-367	-372	-287	194	571	1460	1	5	60	-817	-19	-287	194	572	572	572	45	8	2	74	65	67	1	55	
-833	-160	-188	373	836	0	0	5	-60	-68	-417	-228	373	807	807	807	40	8	1	72	66	79	1	92	
-237	-191	-230	176	367	1255	1	5	-60	85	-13	-230	176	368	368	368	81	8	2	65	67	70	1	50	
365	91	-33	-231	513	1327	1	5	-60	-112	275	-33	-231	512	512	512	22	8	2	73	68	68	2	66	
837	395	584	128	367	0	0	5	-60	26	347	473	-332	814	814	814	49	8	1	68	69	78	2	57	
-427	-291	284	-314	711	0	0	5	60	-51	314	284	-314	712	712	712	111	8	1	80	70	72	2	75	
814	-113	263	38	571	0	0	5	-60	685	414	293	38	543	543	543	6	8	1	69	71	77	2	60	
391	-6	840	243	513	0	0	5	-60	832	-270	840	243	514	514	514	1	8	1	76	72	76	1	228	
-296	262	369	-332	891	0	0	5	-60	-484	-418	199	-242	707	707	707	63	8	1	67	73	75	2	54	
-577	-362	199	-48	836	1635	1	5	60	-490	416	139	-48	782	782	782	106	8	2	66	74	73	2	75	
776	-156	21	317	891	1734	1	5	60	79	-417	201	317	745	745	745	26	8	2	71	75	65	1	70	
583	25	0	310	649	1510	1	5	60	45	-337	0	310	649	649	649	48	8	2	79	76	69	3	86	
629	58	14	414	711	1563	1	5	60	14	-296	14	414	711	711	711	2	8	2	70	77	66	1	53	
-732	26	-121	-195	649	0	0	5	60	-250	419	-151	-195	622	622	622	101	8	1	78	78	74	2	65	
169	-102	62	-354	274	1153	1	5	-60	-102	-135	62	-354	274	274	274	29	8	2	77	79	71	1	52	
-558	303	-780	142	274	0	0	5	-60	-808	415	-780	142	275	275	275	124	8	1	75	80	80	2	82	
-196	374	-178	-133	508	1321	1	6	-60	-626	105	-178	-133	508	508	508	34	5	2	81	81	96	1	64	
-549	-31	-301	-220	311	0	0	6	60	-261	90	-301	-220	312	312	312	117	5	1	88	82	93	2	53	
-372	-48	98	146	508	0	0	6	-60	32	-358	98	146	509	509	509	120	5	1	89	83	94	2	81	
-1	-404	-246	-212	311	1191	1	6	-60	43	-95	-246	-212	312	312	312	104	5	2	96	84	90	1	71	
540	-165	-7	205	660	1517	1	6	60	-33	-419	33	205	628	628	628	122	5	2	92	85	84	1	62	
564	25	-197	-298	826	0	0	6	-60	-36	419	-77	-298	718	718	718	43	5	1	93	86	86	2	65	
-323	42	-308	-366	409	1270	1	6	-60	-668	-174	-308	-366	409	409	409	108	5	2	83	87	89	1	66	
667	-79	22	63	660	0	0	6	-60	548	413	182	63	506	506	506	113	5	1	86	88	95	2	68	
453	-401	-291	140	919	0	0	6	-60	605	419	-181	140	834	834	834	85	5	1	87	89	82	2	57	
208	-400	48	93	518	1346	1	6	60	-298	-292	48	93	519	519	519	60	5	2	94	90	92	2	181	
312	261	700	131	409	0	0	6	-60	394	-140	700	131	410	410	410	92	5	1	84	91	85	1	78	
-117	30	-549	317	518	0	0	6	60	-581	-200	-549	317	519	519	519	44	5	1	90	92	81	2	59	
786	226	53	-327	919	1768	1	6	-60	72	418	263	-297	740	740	740	10	5	2	85	93	88	1	65	
-159	265	327	-195	669	0	0	6	-60	-314	-385	327	-195	670	670	670	80	5	1	82	94	83	1	181	
-562	-374	187	-24	826	1628	1	6	60	-510	416	147	-24	791	791	791	114	5	2	95	95	87	1	53	
-590	-62	-10	273	669	1528	1	6	-60	-9	-396	-10	273	670	670	670	15	5	2	91	96	91	1	53	
-836	403	-654	59	389	0	0	7	60	-447	389	-654	59	390	390	390	9	7	1	100	97	97	2	81	
-372	-106	549	57	935	0	0	7	60	-257	419	139	57	537	537	537	96	7	1	102	98	101	2	54	
101	244	390	188	294	1168	1	7	-60	198	-34	390	188	295	295	295	56	7	2	98	99	100	2	63	
-343	54	44	-230	480	0	0	7	60	97	248	44	-230	481	481	481	69	7	1	97	100	107	2	117	
581	175	-94	128	677	1559	1	7	60	295	-415	-74	128	657	657	657	66	7	2	110	101	108	1	86	
-480	165	58	-52	580	1462	1	7	-60	-398	-409	58	-52	581	581	581	126	7	2	111	102	98	1	253	
377	264	590	-302	604	0	0	7	-60	-6	-203	590	-302	605	605	605	86	7	1	103	103	105	2	58	
407	338	70	-162	604	1476	1	7	-60	-194	380	70	-162	603	603	603	53	7	2	105	104	104	1	77	
-329	-105	74	157	480	1299	1	7	60	-354	376	74	157	481	481	481	116	7	2	107	105	110	2	124	
218	-228	279	157	389	1257	1	7	-60	582	-88	279	157	390	390	390	61	7	2	109	106	111	2	77	
-613	310	-3	-139	757	0	0	7	-60	-711	-416	-33	-139	734	734	734	100	7	1	106	107	99	2	64	
-819	202	54	-133	935	1790	1	7	-60	-847	-418	-296	-133	622	622	622	109	7	2	112	108	106	1	83	
705	-63	846	196	294	0	0	7	60	552	189	846	196	295	295	295	31	7	1	108	109	109	2	53	
610	-272	209	370	757	1624	1	7	60	-146	-298	209	370	757	757	757	128	7	2	104	110	112	1	77	
627	191	120	-91	580	0	0	7	60	618	-389	120	-91	581	581	581	89	7	1	99	111	102	2	187	
485	214	-189	148	677	0	0	7	60	206	-402	-189	148	678	678	678	24	7	1	101	112	103	2	56	
342	265	49	-169	524	1383	1	8	-60	-180	302	49	-169	524	524	524	13	6	2	119	113	120	1	58	
-289	-115	137	349	629	0	0	8	-60	326	-251	137	349	630	630	630	84	6	1	128	114	124	2	62	
646	17	-67	30	714	1568	1	8	60	384	-412	143	30	504	504	504	123	6	2	120	115	117	2	55	
184	-301	576	48	524	0	0	8	60	78	213	576	48	525	525	525	88	6	1	121	116	113	2	80	
727	420	148	-244	880	0	0	8	60	858	-81	358	56	519	519	519	76	6	1	116	117	118	1	81	
368	-119	422	395	516	1341	1	8	60	-50	185	422	395	517	517	517	42	6	2	125	118	128	1	76	
-430	-281	-272	416	714	0	0	8	-60	253	-69	-272	416	715	715	715	36	6	1	115	119	125	2	87	
-437	341	85	-10	629	1503	1	8	-60	-479	-286	85	-10	630	630	630	91	6	2	117	120	122	1	75	
-128	180	-414	175	287	1155	1	8	60	-266	-70	-414	175	287	287	287	57	6	2	113	121	126	1	75	
-741	-240	57	132	880	1731	1	8	60	-794	412	-203	132	655	655	655	33	6	2	126	122	116	1	63	
791	-187	20	156	843	0	0	8	-60	838	419	290	156	608	608	608	27	6	1	127	123	114	2	65	
-418	98	-487	377	287	0	0	8	60	-694	178	-487	377	288	288	288	25	6	1	114	124	119	2	77	
-646	217	-19	-347	843	1635	1	8	60	121	418	-89	-347	793	793	793	93	6	2	122	125	121	1	59	
545	-235	183	-202	363	0	0	8	-60	393	96	183	-202	364	364	364	65	6	1	118	126	123	2	68	
107	-173	-409	-196	516	0	0	8	-60	-170	263	-409	-196	517	517	517	112	6	1	123	127	115	2	77	
308	-14	215	-364	363	1246	1	8	-60	-41	-108	215	-364	363	363	363	54	6	2	124	128	127	2	105	
