241	385	776	376	535	1363	1	1	-60	501	-82	776	376	536	536	536	24	7	2	1	2	13
-847	105	-63	-311	887	1785	1	1	60	-189	412	-253	-311	726	726	726	48	7	2	2	9	6
481	341	816	-182	621	0	0	1	-60	196	-210	816	-182	622	622	622	122	7	1	3	14	5
-368	40	142	32	510	1311	1	1	-60	-119	-405	142	32	511	511	511	54	7	2	4	6	15
661	37	-63	273	762	1588	1	1	60	130	-411	7	273	696	696	696	127	7	2	5	12	12
-119	-238	768	-206	887	0	0	1	60	222	417	618	-206	738	738	738	108	7	1	6	5	8
582	-197	8	252	729	1568	1	1	60	-63	-417	68	252	683	683	683	79	7	2	7	4	1
-260	146	-638	-197	510	0	0	1	60	-151	-352	-638	-197	511	511	511	92	7	1	8	10	14
214	-39	-520	169	762	0	0	1	60	-243	-414	-340	169	592	592	592	102	7	1	9	11	4
-335	-406	-271	6	416	0	0	1	60	-659	-144	-271	6	417	417	417	32	7	1	10	8	2
-161	-70	-468	13	318	1132	1	1	-60	-242	238	-468	13	319	319	319	4	7	2	11	15	16
19	400	-123	10	416	1202	1	1	60	286	83	-123	10	416	416	416	53	7	2	12	16	11
-537	259	-834	144	318	0	0	1	60	-585	-55	-834	144	319	319	319	18	7	1	13	3	7
118	-132	585	130	535	0	0	1	-60	579	-405	585	130	536	536	536	34	7	1	14	7	9
426	216	416	-404	621	1434	1	1	-60	-115	-85	416	-404	621	621	621	77	7	2	15	13	3
-423	-403	4	188	729	0	0	1	60	-721	263	4	188	730	730	730	19	7	1	16	1	10
823	-347	-2	74	927	1849	1	2	60	538	-419	618	-136	295	295	295	8	1	2	17	24	18
-113	-315	591	44	790	0	0	2	60	-106	414	521	44	729	729	729	82	1	1	18	30	27
-179	260	252	118	453	0	0	2	-60	-86	-184	252	118	454	454	454	44	1	1	19	25	23
-194	399	240	304	444	0	0	2	-60	-59	-24	240	304	445	445	445	55	1	1	20	17	28
-291	-67	-650	194	444	1249	1	2	60	-696	-247	-650	194	444	444	444	7	1	2	21	22	26
0	-224	-10	78	302	1074	1	2	-60	257	-64	-10	78	303	303	303	72	1	2	22	28	32
494	173	-127	119	624	1478	1	2	60	231	-391	-127	119	624	624	624	38	1	2	23	20	22
-96	-282	497	-87	624	0	0	2	60	32	330	497	-87	625	625	625	103	1	1	24	26	25
354	-150	-388	14	759	0	0	2	-60	216	419	-208	14	586	586	586	25	1	1	25	27	19
-230	-38	602	373	927	0	0	2	-60	462	-414	442	373	788	788	788	21	1	1	26	31	30
-579	-295	-103	336	790	1606	1	2	-60	206	-391	-103	336	791	791	791	43	1	2	27	18	21
246	-169	6	216	453	1253	1	2	-60	460	232	6	216	454	454	454	67	1	2	28	21	17
733	383	748	81	302	0	0	2	-60	479	220	748	81	303	303	303	13	1	1	29	29	29
367	143	232	-364	525	1349	1	2	-60	-139	7	232	-364	525	525	525	60	1	2	30	32	31
652	-329	422	144	525	0	0	2	60	128	-291	422	144	526	526	526	52	1	1	31	23	20
-610	174	148	135	759	1585	1	2	-60	-314	-415	48	135	660	660	660	2	1	2	32	19	24
713	-179	-177	-191	890	0	0	3	-60	358	413	23	-191	691	691	691	115	5	1	33	47	42
235	-328	734	-166	524	1326	1	3	60	345	186	734	-166	525	525	525	29	5	2	34	38	36
-217	325	-381	-153	506	1309	1	3	60	115	-56	-381	-153	506	506	506	66	5	2	35	34	34
340	289	557	-275	605	1393	1	3	-60	-39	-180	557	-275	605	605	605	39	5	2	36	45	37
-177	-248	-545	-18	434	1233	1	3	-60	-161	186	-545	-18	434	434	434	83	5	2	37	40	46
-739	-420	132	-234	890	1806	1	3	60	-469	419	122	-234	881	881	881	10	5	2	38	46	48
412	-252	-85	248	704	0	0	3	-60	593	415	-75	238	691	691	691	57	5	1	39	37	38
-524	-204	165	-57	704	1518	1	3	60	-336	415	105	-57	646	646	646	74	5	2	40	36	41
-346	-279	445	-215	793	0	0	3	60	-20	413	415	-215	764	764	764	47	5	1	41	44	47
-588	292	37	-196	793	1613	1	3	-60	-743	-415	-53	-196	725	725	725	119	5	2	42	39	43
295	-274	792	-176	506	0	0	3	60	459	206	792	-176	507	507	507	90	5	1	43	42	44
28	154	-263	222	299	1057	1	3	60	-176	-64	-263	222	299	299	299	110	5	2	44	35	39
-48	359	349	16	524	0	0	3	-60	-146	-156	349	16	525	525	525	107	5	1	45	48	35
-349	-112	-111	251	434	0	0	3	-60	85	-136	-111	251	435	435	435	106	5	1	46	41	40
226	-398	-308	-113	605	0	0	3	-60	206	207	-308	-113	606	606	606	70	5	1	47	33	33
-812	-100	-742	-391	299	0	0	3	60	-524	-184	-742	-391	300	300	300	113	5	1	48	43	45
-174	-399	-428	-273	283	0	0	4	-60	-191	-116	-428	-273	284	284	284	80	8	1	49	58	64
770	330	601	-388	737	0	0	4	-60	64	118	601	-388	738	738	738	22	8	1	50	60	57
71	-266	-186	-8	364	1156	1	4	60	-280	-359	-186	-8	365	365	365	88	8	2	51	55	51
334	58	-124	164	471	1286	1	4	60	14	-285	-124	164	471	471	471	84	8	2	52	56	52
623	135	453	-305	471	0	0	4	-60	157	63	453	-305	472	472	472	94	8	1	53	61	55
361	81	573	377	364	0	0	4	60	211	413	573	377	365	365	365	120	8	1	54	52	53
-481	-233	25	-34	543	0	0	4	60	-400	305	25	-34	544	544	544	45	8	1	55	50	60
-64	63	-226	295	283	1042	1	4	-60	56	320	-226	295	283	283	283	93	8	2	56	63	63
107	286	-753	156	869	0	0	4	60	-150	-419	-633	156	752	752	752	27	8	1	57	53	56
767	-100	-44	212	869	1708	1	4	60	227	-412	226	212	625	625	625	125	8	2	58	51	59
355	-232	610	248	543	1378	1	4	60	67	229	610	248	544	544	544	40	8	2	59	59	61
-555	-45	-21	-414	649	0	0	4	60	32	233	-21	-414	650	650	650	46	8	1	60	54	49
-737	148	82	368	847	1695	1	4	-60	-156	-416	42	368	810	810	810	87	8	2	61	49	54
-120	-143	596	311	847	0	0	4	-60	562	-414	456	311	734	734	734	65	8	1	62	64	62
-554	-102	73	66	649	1507	1	4	60	-450	413	-57	66	525	525	525	9	8	2	63	62	50
660	11	-65	139	737	1579	1	4	60	267	-414	95	139	580	580	580	126	8	2	64	57	58
-835	368	-60	-174	945	1869	1	5	-60	-753	-112	-378	198	488	488	488	26	2	2	65	67	75
306	-261	-273	-181	584	0	0	5	-60	86	281	-273	-181	585	585	585	128	2	1	66	70	68
-461	411	-524	-309	723	1560	1	5	60	132	-3	-524	-309	723	723	723	63	2	2	67	77	72
-516	415	-200	405	316	0	0	5	-60	-366	137	-200	405	317	317	317	111	2	1	68	65	76
496	96	-203	282	723	0	0	5	60	-14	-416	-203	282	724	724	724	95	2	1	69	78	70
20	-286	-250	-123	316	1128	1	5	-60	27	30	-250	-123	316	316	316	86	2	2	70	66	73
323	-306	790	46	584	1388	1	5	60	252	275	790	46	585	585	585	36	2	2	71	68	71
-465	-333	-721	50	460	0	0	5	-60	-261	81	-721	50	461	461	461	91	2	1	72	73	66
-407	362	-106	-393	812	0	0	5	60	398	246	-106	-393	813	813	813	42	2	1	73	69	74
-708	-377	-328	-132	452	0	0	5	60	-730	75	-328	-132	453	453	453	123	2	1	74	74	77
153	-320	19	120	460	1254	1	5	60	-295	-216	19	120	460	460	460	49	2	2	75	71	78
613	332	33	-415	945	0	0	5	60	812	-417	63	-215	776	776	776	33	2	1	76	79	80
-533	69	70	231	624	1476	1	5	-60	-91	-372	70	231	625	625	625	1	2	2	77	76	65
-673	-203	138	-146	812	1654	1	5	60	-381	416	8	-146	684	684	684	68	2	2	78	75	67
-154	314	-21	-118	452	1251	1	5	-60	-461	-17	-21	-118	453	453	453	76	2	2	79	80	69
-121	-2	475	184	624	0	0	5	-60	334	-416	465	184	615	615	615	61	2	1	80	72	79
250	-146	679	-62	437	1245	1	6	60	392	268	679	-62	438	438	438	64	6	2	81	83	86
769	-214	384	-6	437	0	0	6	-60	757	224	384	-6	438	438	438	112	6	1	82	93	88
423	-379	115	202	658	1511	1	6	60	-234	-355	115	202	658	658	658	5	6	2	83	96	92
410	-388	-273	-153	722	0	0	6	-60	273	321	-273	-153	723	723	723	15	6	1	84	84	90
671	209	130	-413	825	1655	1	6	-60	-138	367	130	-413	825	825	825	73	6	2	85	90	89
325	-399	142	234	658	0	0	6	60	-314	-240	142	234	659	659	659	58	6	1	86	82	94
582	213	554	-95	309	0	0	6	-60	302	84	554	-95	310	310	310	69	6	1	87	87	96
813	377	292	-396	933	1853	1	6	-60	229	94	766	-271	650	650	650	81	6	2	88	86	83
478	363	-58	-120	722	1550	1	6	60	629	-342	-58	-120	722	722	722	71	6	2	89	94	91
-682	394	207	110	933	0	0	6	-60	-543	-413	87	110	820	820	820	14	6	1	90	88	84
-456	181	355	25	825	0	0	6	-60	-290	-417	145	25	621	621	621	89	6	1	91	91	93
335	92	-100	-92	473	1300	1	6	60	277	-376	-100	-92	473	473	473	114	6	2	92	92	95
-36	-187	13	119	309	1082	1	6	60	-276	9	13	119	310	310	310	118	6	2	93	95	85
-155	-117	-578	96	473	0	0	6	-60	-182	356	-578	96	474	474	474	51	6	1	94	81	82
122	-378	439	53	535	0	0	6	60	-92	113	439	53	536	536	536	50	6	1	95	85	87
239	-385	147	142	535	1362	1	6	-60	650	-41	147	142	535	535	535	62	6	2	96	89	81
301	-411	-174	309	862	0	0	7	-60	688	361	-174	309	863	863	863	100	4	1	97	112	104
-393	-2	429	335	888	0	0	7	-60	235	-415	279	335	752	752	752	105	4	1	98	108	103
-410	379	-726	-168	632	1500	1	7	60	-94	-168	-726	-168	632	632	632	99	4	2	99	103	110
-64	119	-572	371	567	0	0	7	60	-536	-194	-572	371	568	568	568	109	4	1	100	111	100
418	46	135	415	465	0	0	7	60	-43	-14	135	415	466	466	466	41	4	1	101	99	107
226	-245	130	210	465	1273	1	7	60	-216	-100	130	210	466	466	466	78	4	2	102	101	101
-796	-259	-125	324	888	1789	1	7	-60	-191	-419	-355	184	626	626	626	12	4	2	103	105	98
-659	363	199	273	862	1708	1	7	-60	-312	-416	189	273	853	853	853	35	4	2	104	98	108
192	220	578	233	386	0	0	7	-60	397	-107	578	233	387	387	387	30	4	1	105	100	97
-65	-31	-333	17	273	1029	1	7	-60	-157	226	-333	17	273	273	273	104	4	2	106	97	99
-258	212	280	-203	679	0	0	7	-60	-373	-418	230	-203	641	641	641	75	4	1	107	109	111
338	276	-216	394	567	1385	1	7	60	-41	-144	-216	394	567	567	567	11	4	2	108	102	112
181	-161	-197	-87	386	1192	1	7	-60	57	204	-197	-87	386	386	386	31	4	2	109	106	105
481	291	680	-358	679	1517	1	7	-60	19	-205	680	-358	679	679	679	3	4	2	110	104	106
8	-348	-168	-139	273	0	0	7	60	-260	-395	-168	-139	274	274	274	101	4	1	111	110	102
-271	150	361	173	632	0	0	7	-60	65	-385	361	173	633	633	633	6	4	1	112	107	109
-764	-105	75	58	854	1706	1	8	60	-650	418	-255	58	535	535	535	56	3	2	113	116	124
825	107	-47	184	876	1765	1	8	60	433	-419	173	184	657	657	657	28	3	2	114	127	122
-340	339	-833	-32	618	1419	1	8	60	-265	-273	-833	-32	618	618	618	59	3	2	115	115	119
392	153	772	-226	537	1376	1	8	-60	254	-365	772	-226	537	537	537	98	3	2	116	124	125
-647	-374	-204	116	660	0	0	8	60	-849	255	-204	116	661	661	661	20	3	1	117	121	120
-588	-267	-61	406	854	0	0	8	-60	259	-386	-61	406	855	855	855	117	3	1	118	123	128
-526	344	-452	-270	618	0	0	8	60	43	102	-452	-270	619	619	619	23	3	1	119	128	121
480	-287	-173	-195	660	1515	1	8	-60	234	325	-173	-195	660	660	660	124	3	2	120	118	117
-639	-135	172	197	876	0	0	8	-60	-95	-411	-128	197	610	610	610	121	3	1	121	117	123
-123	181	414	207	537	0	0	8	-60	169	-271	414	207	538	538	538	97	3	1	122	114	127
181	-61	-187	-120	372	0	0	8	-60	-54	229	-187	-120	373	373	373	85	3	1	123	119	113
171	-163	543	-169	372	1184	1	8	60	363	157	543	-169	373	373	373	116	3	2	124	125	118
-133	53	-385	-130	312	1099	1	8	-60	-417	180	-385	-130	312	312	312	17	3	2	125	126	114
113	16	-199	22	312	0	0	8	-60	-37	290	-199	22	313	313	313	16	3	1	126	122	115
467	351	356	-96	460	0	0	8	-60	25	224	356	-96	461	461	461	96	3	1	127	120	126
-290	94	83	365	460	1259	1	8	-60	132	-93	83	365	462	462	462	37	3	2	128	113	116
