5.208972e+03	9.273614e+01	3.498784e+02	6.164499e+02	8.831675e+02	1.149976e+03	3.167175e+03	6.192151e+03	
1.141256e+04	7.714073e+01	3.476877e+02	6.142801e+02	8.812582e+02	1.147738e+03	3.165001e+03	6.188092e+03	
1.761179e+04	7.920155e+01	3.342214e+02	6.002068e+02	8.670126e+02	1.133506e+03	3.151222e+03	6.174115e+03	
2.379673e+04	7.934099e+01	3.342402e+02	6.003905e+02	8.669358e+02	1.133871e+03	3.151196e+03	6.172683e+03	
2.998196e+04	7.979010e+01	3.345796e+02	5.999609e+02	8.668714e+02	1.133790e+03	3.151029e+03	6.173999e+03	
3.616694e+04	8.054145e+01	3.352000e+02	6.003643e+02	8.671163e+02	1.133789e+03	3.151095e+03	6.175457e+03	
4.235197e+04	7.920155e+01	3.341906e+02	6.002978e+02	8.669776e+02	1.133856e+03	3.151121e+03	6.173956e+03	
4.853725e+04	7.730495e+01	3.331650e+02	6.001414e+02	8.668473e+02	1.133641e+03	3.150756e+03	6.175184e+03	
5.472222e+04	8.116858e+01	3.361746e+02	6.002613e+02	8.668392e+02	1.133825e+03	3.151182e+03	6.172495e+03	
6.090740e+04	7.778768e+01	3.332687e+02	6.002040e+02	8.667277e+02	1.133476e+03	3.150749e+03	6.173505e+03	
6.709244e+04	7.905078e+01	3.341832e+02	6.000253e+02	8.668548e+02	1.133427e+03	3.151011e+03	6.174776e+03	
7.327740e+04	7.880199e+01	3.502224e+02	6.169956e+02	8.837108e+02	1.150409e+03	3.167740e+03	6.192739e+03	
7.947912e+04	7.909219e+01	3.341747e+02	6.003951e+02	8.668979e+02	1.133706e+03	3.151102e+03	6.172578e+03	
8.566437e+04	7.714781e+01	3.332850e+02	6.000713e+02	8.669542e+02	1.133773e+03	3.150793e+03	6.173643e+03	
9.184924e+04	7.675957e+01	3.334633e+02	6.004574e+02	8.670076e+02	1.133930e+03	3.151006e+03	6.172468e+03	
9.803426e+04	7.808355e+01	3.334403e+02	6.004068e+02	8.673343e+02	1.133805e+03	3.151046e+03	6.174053e+03	
5.206522e+03	7.993344e+01	3.376299e+02	6.044265e+02	8.711098e+02	1.138007e+03	3.155170e+03	6.178434e+03	
1.139572e+04	7.675603e+01	3.335766e+02	6.003119e+02	8.670788e+02	1.133882e+03	3.151056e+03	6.173972e+03	
1.758096e+04	7.885790e+01	3.340629e+02	6.002723e+02	8.669025e+02	1.133575e+03	3.150966e+03	6.172249e+03	
2.376606e+04	8.046749e+01	3.354597e+02	5.999867e+02	8.667712e+02	1.133633e+03	3.150807e+03	6.173736e+03	
2.995108e+04	7.562033e+01	3.334899e+02	6.002008e+02	8.669057e+02	1.133747e+03	3.150864e+03	6.173732e+03	
3.613615e+04	7.509159e+01	3.334191e+02	6.004496e+02	8.669800e+02	1.133674e+03	3.151034e+03	6.172343e+03	
4.232123e+04	7.422310e+01	3.335023e+02	6.001272e+02	8.668771e+02	1.133788e+03	3.151070e+03	6.174114e+03	
4.850624e+04	7.748155e+01	3.334644e+02	6.003141e+02	8.668866e+02	1.133888e+03	3.150989e+03	6.172268e+03	
5.469146e+04	7.938983e+01	3.342087e+02	6.001268e+02	8.668572e+02	1.133715e+03	3.150809e+03	6.173744e+03	
6.087649e+04	7.929923e+01	3.342306e+02	6.001987e+02	8.668679e+02	1.133710e+03	3.150846e+03	6.173612e+03	
6.706139e+04	7.782059e+01	3.334350e+02	6.004135e+02	8.670547e+02	1.133779e+03	3.151079e+03	6.172553e+03	
7.324667e+04	7.312598e+01	3.334531e+02	6.001346e+02	8.669645e+02	1.133650e+03	3.150784e+03	6.173979e+03	
7.943169e+04	7.620110e+01	3.334623e+02	6.002769e+02	8.668406e+02	1.133687e+03	3.150811e+03	6.172215e+03	
8.561678e+04	7.535809e+01	3.334977e+02	6.001378e+02	8.669984e+02	1.133752e+03	3.150906e+03	6.174723e+03	
9.180171e+04	7.827395e+01	3.335716e+02	6.003417e+02	8.670547e+02	1.133793e+03	3.151107e+03	6.174030e+03	
9.798687e+04	7.870962e+01	3.334294e+02	6.003243e+02	8.669928e+02	1.133588e+03	3.151077e+03	6.172504e+03	
5.205960e+03	7.203629e+01	3.293300e+02	5.958643e+02	8.628492e+02	1.129438e+03	3.146948e+03	6.168484e+03	
1.138668e+04	1.109137e+02	3.669284e+02	6.337154e+02	9.003007e+02	1.167253e+03	3.184321e+03	6.205769e+03	
1.760521e+04	8.093819e+01	3.359085e+02	6.002128e+02	8.670809e+02	1.133713e+03	3.151090e+03	6.174023e+03	
2.379022e+04	7.818441e+01	3.335706e+02	6.002875e+02	8.670675e+02	1.133964e+03	3.151027e+03	6.173954e+03	
2.997541e+04	7.335106e+01	3.334998e+02	5.999740e+02	8.669539e+02	1.133537e+03	3.150927e+03	6.173759e+03	
3.616048e+04	7.542144e+01	3.335062e+02	6.001838e+02	8.668385e+02	1.133799e+03	3.151065e+03	6.174031e+03	
4.234538e+04	7.822016e+01	3.334570e+02	6.005197e+02	8.669924e+02	1.133965e+03	3.150972e+03	6.172281e+03	
4.853064e+04	8.173449e+01	3.500709e+02	6.169323e+02	8.835020e+02	1.150138e+03	3.167492e+03	6.189364e+03	
5.473240e+04	7.413745e+01	3.334205e+02	6.002189e+02	8.669231e+02	1.133764e+03	3.150905e+03	6.174566e+03	
6.091754e+04	7.777989e+01	3.332974e+02	6.001944e+02	8.667712e+02	1.133684e+03	3.150851e+03	6.173800e+03	
6.710251e+04	7.755162e+01	3.334906e+02	6.002302e+02	8.670165e+02	1.133793e+03	3.151075e+03	6.174185e+03	
7.328755e+04	7.571023e+01	3.335596e+02	6.002249e+02	8.671276e+02	1.133788e+03	3.151147e+03	6.173958e+03	
7.947271e+04	7.484173e+01	3.334541e+02	6.002748e+02	8.670462e+02	1.133635e+03	3.150990e+03	6.175362e+03	
8.565758e+04	7.648918e+01	3.335274e+02	6.004521e+02	8.670512e+02	1.133968e+03	3.151132e+03	6.172517e+03	
9.184285e+04	7.923553e+01	3.343315e+02	6.001286e+02	8.669917e+02	1.133766e+03	3.150855e+03	6.174434e+03	
9.802777e+04	7.628356e+01	3.335975e+02	6.003318e+02	8.671892e+02	1.133837e+03	3.151186e+03	6.174168e+03	
5.210707e+03	8.128006e+01	3.393064e+02	6.062141e+02	8.728457e+02	1.139616e+03	3.156860e+03	6.181279e+03	
1.140159e+04	8.044165e+01	3.353982e+02	6.004185e+02	8.670611e+02	1.133803e+03	3.151072e+03	6.172695e+03	
1.758665e+04	7.807753e+01	3.336948e+02	6.001636e+02	8.672122e+02	1.133923e+03	3.151027e+03	6.173882e+03	
2.377189e+04	7.885047e+01	3.338463e+02	6.002196e+02	8.668378e+02	1.133618e+03	3.150818e+03	6.173716e+03	
2.995688e+04	7.793349e+01	3.335564e+02	6.002334e+02	8.670161e+02	1.133625e+03	3.151101e+03	6.173937e+03	
3.614218e+04	7.667463e+01	3.332206e+02	6.000670e+02	8.668679e+02	1.133560e+03	3.150764e+03	6.173629e+03	
4.232714e+04	7.994795e+01	3.349253e+02	6.001467e+02	8.669199e+02	1.133676e+03	3.150910e+03	6.173665e+03	
4.851227e+04	7.408507e+01	3.333989e+02	5.999902e+02	8.669620e+02	1.133623e+03	3.150952e+03	6.173840e+03	
5.469719e+04	7.727734e+01	3.335377e+02	6.003194e+02	8.669892e+02	1.133815e+03	3.150910e+03	6.172107e+03	
6.088242e+04	8.071522e+01	3.355804e+02	6.001491e+02	8.669457e+02	1.133539e+03	3.150892e+03	6.173743e+03	
6.706722e+04	7.671356e+01	3.337337e+02	6.004751e+02	8.671358e+02	1.133959e+03	3.151043e+03	6.175424e+03	
7.325238e+04	7.891064e+01	3.338912e+02	6.003926e+02	8.670618e+02	1.133787e+03	3.150920e+03	6.173858e+03	
7.943741e+04	8.113425e+01	3.364217e+02	6.004163e+02	8.672069e+02	1.133843e+03	3.151208e+03	6.173971e+03	
8.562292e+04	7.351457e+01	3.332082e+02	5.999803e+02	8.666449e+02	1.133516e+03	3.150634e+03	6.174966e+03	
9.180760e+04	8.047775e+01	3.353008e+02	6.002150e+02	8.670933e+02	1.133843e+03	3.151130e+03	6.172896e+03	
9.799288e+04	7.701191e+01	3.335069e+02	6.000246e+02	8.668997e+02	1.133646e+03	3.150884e+03	6.173803e+03	
5.230597e+03	9.132580e+01	3.603531e+02	6.270088e+02	8.938723e+02	1.160463e+03	3.177673e+03	6.201426e+03	
1.144395e+04	7.518149e+01	3.317019e+02	5.986100e+02	8.652990e+02	1.132021e+03	3.149291e+03	6.172332e+03	
1.762731e+04	7.876978e+01	3.338753e+02	6.003887e+02	8.669457e+02	1.133810e+03	3.150914e+03	6.173907e+03	
2.381253e+04	7.949069e+01	3.345597e+02	6.001219e+02	8.668477e+02	1.133507e+03	3.150833e+03	6.172471e+03	
2.999745e+04	7.357226e+01	3.335295e+02	6.002019e+02	8.670140e+02	1.133774e+03	3.150979e+03	6.173975e+03	
3.618245e+04	7.891842e+01	3.340494e+02	6.004708e+02	8.670314e+02	1.133786e+03	3.151164e+03	6.173996e+03	
4.236755e+04	7.372090e+01	3.338700e+02	6.002525e+02	8.671666e+02	1.133806e+03	3.151065e+03	6.173956e+03	
4.855262e+04	7.775654e+01	3.337447e+02	6.002875e+02	8.669797e+02	1.133881e+03	3.151007e+03	6.173852e+03	
5.473769e+04	7.748686e+01	3.337896e+02	6.004401e+02	8.670289e+02	1.133749e+03	3.151039e+03	6.172554e+03	
6.092284e+04	7.542639e+01	3.335723e+02	6.002496e+02	8.670473e+02	1.133715e+03	3.151085e+03	6.173959e+03	
6.710791e+04	7.602875e+01	3.335086e+02	6.002957e+02	8.669542e+02	1.133836e+03	3.150919e+03	6.172374e+03	
7.329304e+04	7.857336e+01	3.335019e+02	6.002224e+02	8.669981e+02	1.133747e+03	3.150972e+03	6.173926e+03	
7.947805e+04	7.412365e+01	3.336417e+02	6.002539e+02	8.670186e+02	1.133851e+03	3.151146e+03	6.174045e+03	
8.566312e+04	7.851567e+01	3.334732e+02	6.003374e+02	8.669931e+02	1.133709e+03	3.151052e+03	6.172718e+03	
9.184831e+04	7.974339e+01	3.344267e+02	6.001060e+02	8.670246e+02	1.133619e+03	3.150958e+03	6.173817e+03	
9.803333e+04	7.743377e+01	3.336208e+02	6.003264e+02	8.669436e+02	1.133778e+03	3.150928e+03	6.173796e+03	
5.213398e+03	7.890250e+01	3.337677e+02	5.977259e+02	8.646025e+02	1.131367e+03	3.148509e+03	6.171605e+03	
1.139627e+04	7.890356e+01	3.338498e+02	6.001134e+02	8.666976e+02	1.133443e+03	3.150685e+03	6.174923e+03	
1.758114e+04	7.802586e+01	3.334085e+02	6.001675e+02	8.669896e+02	1.133804e+03	3.151004e+03	6.173833e+03	
2.376619e+04	8.180173e+01	3.502249e+02	6.168604e+02	8.836913e+02	1.150330e+03	3.167759e+03	6.189570e+03	
2.996785e+04	7.689441e+01	3.336339e+02	6.003930e+02	8.670526e+02	1.133752e+03	3.151012e+03	6.175433e+03	
3.615291e+04	7.984000e+01	3.347406e+02	6.003413e+02	8.671071e+02	1.133787e+03	3.151040e+03	6.173809e+03	
4.233804e+04	7.796322e+01	3.336222e+02	6.003031e+02	8.670710e+02	1.133770e+03	3.150913e+03	6.175224e+03	
4.852310e+04	7.996847e+01	3.348199e+02	6.003824e+02	8.670098e+02	1.133771e+03	3.151044e+03	6.173961e+03	
5.470816e+04	7.854788e+01	3.335058e+02	6.001541e+02	8.670565e+02	1.133860e+03	3.151071e+03	6.173985e+03	
6.089325e+04	7.969879e+01	3.346132e+02	6.003339e+02	8.669977e+02	1.133858e+03	3.151409e+03	6.174356e+03	
6.707834e+04	7.950627e+01	3.343124e+02	6.003544e+02	8.670611e+02	1.133705e+03	3.151016e+03	6.172622e+03	
7.326338e+04	8.076548e+01	3.355372e+02	6.003112e+02	8.671637e+02	1.133743e+03	3.151049e+03	6.174351e+03	
7.944855e+04	7.559733e+01	3.334885e+02	6.002698e+02	8.670409e+02	1.133739e+03	3.150887e+03	6.173978e+03	
8.563460e+04	7.697439e+01	3.325188e+02	5.991589e+02	8.661515e+02	1.132715e+03	3.150135e+03	6.171564e+03	
9.181866e+04	7.581569e+01	3.336176e+02	6.002620e+02	8.670098e+02	1.133832e+03	3.150914e+03	6.175480e+03	
9.800406e+04	7.719382e+01	3.332078e+02	6.000653e+02	8.666598e+02	1.133520e+03	3.150639e+03	6.172129e+03	
5.232429e+03	9.104480e+01	3.458597e+02	6.112867e+02	8.780656e+02	1.144856e+03	3.162211e+03	6.183843e+03	
1.142850e+04	7.703527e+01	3.337659e+02	6.004128e+02	8.671216e+02	1.133767e+03	3.150899e+03	6.175375e+03	
1.761371e+04	7.942841e+01	3.341439e+02	6.001598e+02	8.669354e+02	1.137558e+03	3.150879e+03	6.173879e+03	
2.389876e+04	8.258352e+01	3.500412e+02	6.168880e+02	8.837766e+02	1.150302e+03	3.167754e+03	6.190638e+03	
3.010057e+04	7.653731e+01	3.335929e+02	6.002274e+02	8.671050e+02	1.133666e+03	3.151118e+03	6.172638e+03	
3.628575e+04	8.047280e+01	3.352495e+02	6.001045e+02	8.669086e+02	1.133722e+03	3.150940e+03	6.173976e+03	
4.247070e+04	7.655501e+01	3.335076e+02	6.003526e+02	8.670650e+02	1.133714e+03	3.150889e+03	6.172234e+03	
4.865590e+04	7.691706e+01	3.334343e+02	6.003229e+02	8.669032e+02	1.133524e+03	3.150904e+03	6.173880e+03	
5.484084e+04	7.871315e+01	3.339415e+02	6.004758e+02	8.670253e+02	1.133885e+03	3.150984e+03	6.173973e+03	
6.102722e+04	7.665057e+01	3.322459e+02	5.990506e+02	8.657530e+02	1.132531e+03	3.149809e+03	6.172681e+03	
6.721103e+04	7.945141e+01	3.343021e+02	6.003579e+02	8.670483e+02	1.134103e+03	3.151080e+03	6.174092e+03	
7.339648e+04	8.020489e+01	3.350273e+02	5.998922e+02	8.666074e+02	1.133427e+03	3.150598e+03	6.172099e+03	
7.958125e+04	7.908547e+01	3.340721e+02	6.001661e+02	8.670048e+02	1.133890e+03	3.150931e+03	6.173906e+03	
8.576631e+04	7.818866e+01	3.335493e+02	6.002029e+02	8.669443e+02	1.133808e+03	3.150937e+03	6.174064e+03	
9.195145e+04	7.846294e+01	3.334541e+02	6.001113e+02	8.667015e+02	1.133657e+03	3.151037e+03	6.172415e+03	
9.813649e+04	8.231738e+01	3.501516e+02	6.169666e+02	8.836623e+02	1.150298e+03	3.167705e+03	6.189125e+03	
5.222803e+03	9.229304e+01	3.608291e+02	6.276405e+02	8.943440e+02	1.160975e+03	3.178171e+03	6.201100e+03	
1.143526e+04	7.999643e+01	3.348776e+02	5.998809e+02	8.668424e+02	1.133367e+03	3.150827e+03	6.172138e+03	
1.762018e+04	7.939903e+01	3.344844e+02	6.000925e+02	8.667988e+02	1.133566e+03	3.150775e+03	6.173744e+03	
2.380515e+04	7.615934e+01	3.334605e+02	6.001622e+02	8.668990e+02	1.133899e+03	3.151125e+03	6.174009e+03	
2.999033e+04	8.044554e+01	3.353667e+02	6.003095e+02	8.669514e+02	1.133733e+03	3.151083e+03	6.173905e+03	
3.617544e+04	7.656740e+01	3.335681e+02	6.002337e+02	8.670646e+02	1.133774e+03	3.150985e+03	6.173919e+03	
4.236049e+04	7.949317e+01	3.343839e+02	6.003346e+02	8.671393e+02	1.133752e+03	3.150981e+03	6.172295e+03	
4.854562e+04	7.921111e+01	3.339783e+02	6.001881e+02	8.669974e+02	1.133778e+03	3.150942e+03	6.173887e+03	
5.473066e+04	7.947335e+01	3.344005e+02	6.003449e+02	8.669769e+02	1.133782e+03	3.150959e+03	6.173908e+03	
6.091571e+04	7.666437e+01	3.336173e+02	6.003863e+02	8.670951e+02	1.133993e+03	3.150981e+03	6.172314e+03	
6.710085e+04	7.724690e+01	3.335727e+02	6.001895e+02	8.670193e+02	1.133711e+03	3.151221e+03	6.174287e+03	
7.328586e+04	7.769248e+01	3.335893e+02	6.004995e+02	8.669956e+02	1.133837e+03	3.151001e+03	6.174258e+03	
7.947094e+04	8.043387e+01	3.353139e+02	6.003137e+02	8.672412e+02	1.133825e+03	3.151073e+03	6.173884e+03	
8.565604e+04	7.832810e+01	3.336350e+02	6.002645e+02	8.669861e+02	1.133737e+03	3.151035e+03	6.174046e+03	
9.184115e+04	7.818158e+01	3.334913e+02	6.003325e+02	8.670409e+02	1.133706e+03	3.150963e+03	6.172460e+03	
9.802630e+04	7.421637e+01	3.334449e+02	6.002065e+02	8.670512e+02	1.133721e+03	3.150984e+03	6.173806e+03	
