5.215787e+03	8.866930e+01	3.448062e+02	6.109641e+02	8.778108e+02	1.144525e+03	3.161695e+03	6.186804e+03	
1.142797e+04	8.094891e+01	3.358372e+02	6.003644e+02	8.671042e+02	1.133755e+03	3.151017e+03	6.175692e+03	
1.761314e+04	8.064526e+01	3.356712e+02	6.001966e+02	8.667849e+02	1.133574e+03	3.150667e+03	6.173505e+03	
2.379807e+04	8.014060e+01	3.350760e+02	6.000947e+02	8.669403e+02	1.133520e+03	3.150886e+03	6.175361e+03	
2.998282e+04	7.954321e+01	3.345554e+02	6.002886e+02	8.671544e+02	1.133721e+03	3.151032e+03	6.173958e+03	
3.616770e+04	8.041417e+01	3.353739e+02	6.003824e+02	8.670681e+02	1.133959e+03	3.151032e+03	6.173936e+03	
4.235279e+04	7.924664e+01	3.343809e+02	6.002872e+02	8.669520e+02	1.133719e+03	3.151080e+03	6.173934e+03	
4.853782e+04	7.708465e+01	3.334714e+02	6.002497e+02	8.669286e+02	1.133723e+03	3.150832e+03	6.173635e+03	
5.472277e+04	7.885699e+01	3.340649e+02	6.002218e+02	8.667970e+02	1.133764e+03	3.150662e+03	6.173570e+03	
6.090774e+04	7.602577e+01	3.335669e+02	6.001715e+02	8.669785e+02	1.133601e+03	3.150870e+03	6.175247e+03	
6.709251e+04	7.990950e+01	3.348583e+02	6.004405e+02	8.669615e+02	1.133834e+03	3.150937e+03	6.174586e+03	
7.327759e+04	7.619140e+01	3.334055e+02	6.003134e+02	8.669017e+02	1.133634e+03	3.150923e+03	6.174049e+03	
7.946246e+04	8.199293e+01	3.501855e+02	6.169953e+02	8.837245e+02	1.150487e+03	3.167608e+03	6.192010e+03	
8.566408e+04	7.509324e+01	3.335828e+02	6.003276e+02	8.670536e+02	1.133872e+03	3.150965e+03	6.173996e+03	
9.184905e+04	7.656972e+01	3.333415e+02	6.001842e+02	8.667542e+02	1.133643e+03	3.150983e+03	6.174097e+03	
9.803408e+04	8.031224e+01	3.350643e+02	6.001619e+02	8.671399e+02	1.133602e+03	3.150948e+03	6.175474e+03	
5.212104e+03	7.181149e+01	3.393405e+02	6.061762e+02	8.727617e+02	1.139833e+03	3.156860e+03	6.179903e+03	
1.140315e+04	7.980085e+01	3.346845e+02	6.001658e+02	8.668511e+02	1.133559e+03	3.150862e+03	6.174259e+03	
1.758791e+04	7.639878e+01	3.335991e+02	6.001510e+02	8.669952e+02	1.133776e+03	3.150893e+03	6.173829e+03	
2.377313e+04	8.106641e+01	3.358949e+02	5.999800e+02	8.668387e+02	1.133475e+03	3.150723e+03	6.173454e+03	
2.995788e+04	7.540149e+01	3.335478e+02	6.001920e+02	8.670486e+02	1.133618e+03	3.151022e+03	6.175440e+03	
3.614277e+04	7.888884e+01	3.338967e+02	6.003205e+02	8.669860e+02	1.133856e+03	3.150885e+03	6.173834e+03	
4.232773e+04	7.434862e+01	3.334137e+02	6.003803e+02	8.669481e+02	1.133746e+03	3.150908e+03	6.175351e+03	
4.851259e+04	7.645895e+01	3.335768e+02	6.002968e+02	8.670610e+02	1.133918e+03	3.151095e+03	6.174316e+03	
5.469761e+04	7.920063e+01	3.341328e+02	6.003414e+02	8.670111e+02	1.133853e+03	3.150959e+03	6.173715e+03	
6.088266e+04	7.681214e+01	3.333956e+02	6.001577e+02	8.669467e+02	1.133558e+03	3.150956e+03	6.175381e+03	
6.706749e+04	8.051043e+01	3.355013e+02	6.003853e+02	8.669860e+02	1.133792e+03	3.150887e+03	6.175486e+03	
7.325243e+04	8.029702e+01	3.350777e+02	6.004327e+02	8.670967e+02	1.133857e+03	3.150911e+03	6.174064e+03	
7.943753e+04	7.860324e+01	3.336395e+02	6.001899e+02	8.669283e+02	1.133632e+03	3.150873e+03	6.173929e+03	
8.562239e+04	7.595322e+01	3.334236e+02	6.003279e+02	8.670012e+02	1.133701e+03	3.151044e+03	6.173935e+03	
9.180734e+04	7.967451e+01	3.345387e+02	6.002964e+02	8.670889e+02	1.133735e+03	3.150994e+03	6.175640e+03	
9.799217e+04	8.053662e+01	3.354486e+02	6.003184e+02	8.670776e+02	1.133905e+03	3.151052e+03	6.173870e+03	
5.219074e+03	6.815745e+01	3.230878e+02	5.893520e+02	8.562078e+02	1.122799e+03	3.140052e+03	6.162968e+03	
1.139308e+04	8.091529e+01	3.358266e+02	6.003290e+02	8.670083e+02	1.133757e+03	3.151007e+03	6.175653e+03	
1.757799e+04	8.156718e+01	3.365238e+02	6.003339e+02	8.671643e+02	1.133791e+03	3.151076e+03	6.175614e+03	
2.376313e+04	8.136546e+01	3.363164e+02	6.002398e+02	8.668129e+02	1.133635e+03	3.150789e+03	6.175139e+03	
2.994806e+04	8.245619e+01	3.502152e+02	6.169249e+02	8.836028e+02	1.150293e+03	3.167555e+03	6.190347e+03	
3.614968e+04	8.134599e+01	3.363327e+02	6.002844e+02	8.669407e+02	1.133707e+03	3.150825e+03	6.175079e+03	
4.233450e+04	7.673605e+01	3.336589e+02	6.001591e+02	8.671778e+02	1.133896e+03	3.150958e+03	6.173972e+03	
4.851939e+04	7.652548e+01	3.337067e+02	6.002713e+02	8.672464e+02	1.133784e+03	3.151046e+03	6.173984e+03	
5.470443e+04	7.539370e+01	3.333995e+02	6.004022e+02	8.671112e+02	1.133776e+03	3.150973e+03	6.175291e+03	
6.088934e+04	7.785332e+01	3.336497e+02	6.002356e+02	8.671495e+02	1.133922e+03	3.151144e+03	6.174013e+03	
6.707438e+04	7.709420e+01	3.334752e+02	6.003219e+02	8.669739e+02	1.133851e+03	3.150857e+03	6.174078e+03	
7.325927e+04	7.731504e+01	3.335733e+02	6.002833e+02	8.672549e+02	1.133707e+03	3.151127e+03	6.176156e+03	
7.944422e+04	7.758223e+01	3.336819e+02	6.002150e+02	8.671130e+02	1.133759e+03	3.150955e+03	6.173745e+03	
8.562930e+04	8.213166e+01	3.501547e+02	6.168831e+02	8.836102e+02	1.150419e+03	3.167533e+03	6.190365e+03	
9.183094e+04	7.600524e+01	3.338660e+02	6.001414e+02	8.669994e+02	1.133520e+03	3.151002e+03	6.175316e+03	
9.801578e+04	7.989004e+01	3.348073e+02	6.004129e+02	8.669138e+02	1.133791e+03	3.150877e+03	6.175455e+03	
5.214161e+03	7.080252e+01	3.256257e+02	5.895675e+02	8.564375e+02	1.123100e+03	3.140266e+03	6.164582e+03	
1.138855e+04	8.055360e+01	3.355498e+02	6.002713e+02	8.668667e+02	1.133713e+03	3.150817e+03	6.173640e+03	
1.757331e+04	7.991587e+01	3.348700e+02	6.004819e+02	8.670610e+02	1.133667e+03	3.151027e+03	6.174024e+03	
2.375837e+04	8.151020e+01	3.364279e+02	6.002058e+02	8.669598e+02	1.133780e+03	3.150895e+03	6.173875e+03	
2.994336e+04	8.208105e+01	3.501890e+02	6.168771e+02	8.837592e+02	1.150225e+03	3.167638e+03	6.190457e+03	
3.614498e+04	7.850097e+01	3.334448e+02	6.002203e+02	8.668911e+02	1.133635e+03	3.150856e+03	6.175205e+03	
4.233009e+04	7.999656e+01	3.349298e+02	6.001099e+02	8.669336e+02	1.133489e+03	3.150779e+03	6.175346e+03	
4.851474e+04	7.713455e+01	3.336515e+02	6.003385e+02	8.671056e+02	1.133817e+03	3.151104e+03	6.174141e+03	
5.469986e+04	7.331063e+01	3.333889e+02	6.002228e+02	8.667959e+02	1.133680e+03	3.150726e+03	6.174032e+03	
6.088466e+04	7.623528e+01	3.335825e+02	6.003297e+02	8.671502e+02	1.133697e+03	3.151042e+03	6.173903e+03	
6.706955e+04	7.964513e+01	3.346690e+02	6.004044e+02	8.671197e+02	1.133915e+03	3.151047e+03	6.173919e+03	
7.325454e+04	7.742121e+01	3.336172e+02	6.005066e+02	8.670971e+02	1.133781e+03	3.151014e+03	6.175490e+03	
7.943952e+04	8.140792e+01	3.363192e+02	6.003237e+02	8.668985e+02	1.133792e+03	3.151095e+03	6.173960e+03	
8.562445e+04	8.140969e+01	3.364424e+02	6.004114e+02	8.669707e+02	1.133861e+03	3.150923e+03	6.175169e+03	
9.180941e+04	8.301323e+01	3.502955e+02	6.169592e+02	8.838923e+02	1.150482e+03	3.167664e+03	6.191035e+03	
9.801098e+04	7.921090e+01	3.339304e+02	6.004759e+02	8.669856e+02	1.133843e+03	3.151140e+03	6.175680e+03	
5.213242e+03	8.293820e+01	3.390230e+02	6.029698e+02	8.697478e+02	1.136298e+03	3.153497e+03	6.177228e+03	
1.140222e+04	7.803594e+01	3.329104e+02	5.986986e+02	8.655562e+02	1.132318e+03	3.149545e+03	6.172670e+03	
1.758599e+04	7.612805e+01	3.333553e+02	5.999362e+02	8.666682e+02	1.133508e+03	3.150621e+03	6.173593e+03	
2.377058e+04	7.865668e+01	3.337446e+02	6.003892e+02	8.670305e+02	1.133821e+03	3.151004e+03	6.175476e+03	
2.995547e+04	7.927991e+01	3.342744e+02	6.001754e+02	8.671399e+02	1.133875e+03	3.151107e+03	6.174225e+03	
3.614047e+04	7.669394e+01	3.336094e+02	6.003304e+02	8.670380e+02	1.133863e+03	3.150857e+03	6.173732e+03	
4.232544e+04	7.561277e+01	3.335443e+02	6.003145e+02	8.673215e+02	1.133690e+03	3.151117e+03	6.172478e+03	
4.851054e+04	7.429518e+01	3.335184e+02	6.001142e+02	8.668837e+02	1.133574e+03	3.150770e+03	6.173814e+03	
5.469531e+04	8.273117e+01	3.503582e+02	6.170725e+02	8.837050e+02	1.150491e+03	3.167741e+03	6.191127e+03	
6.089694e+04	7.988225e+01	3.348877e+02	6.003853e+02	8.671912e+02	1.133700e+03	3.151161e+03	6.174151e+03	
6.708188e+04	7.652371e+01	3.337166e+02	6.003343e+02	8.669952e+02	1.133827e+03	3.151018e+03	6.174147e+03	
7.326680e+04	7.657680e+01	3.335938e+02	6.004199e+02	8.670620e+02	1.133924e+03	3.150980e+03	6.173929e+03	
7.945177e+04	8.076382e+01	3.355130e+02	6.003007e+02	8.671583e+02	1.133661e+03	3.151052e+03	6.172526e+03	
8.563672e+04	7.738900e+01	3.337318e+02	6.002295e+02	8.671272e+02	1.133868e+03	3.151053e+03	6.174206e+03	
9.182168e+04	7.772026e+01	3.335609e+02	6.002437e+02	8.670458e+02	1.133838e+03	3.150921e+03	6.175388e+03	
9.800658e+04	8.112162e+01	3.363259e+02	6.003488e+02	8.672273e+02	1.133890e+03	3.151173e+03	6.174095e+03	
5.215923e+03	7.373106e+01	3.286363e+02	5.925789e+02	8.593020e+02	1.126007e+03	3.143355e+03	6.166485e+03	
1.139312e+04	7.820758e+01	3.337467e+02	6.003623e+02	8.670804e+02	1.133960e+03	3.151117e+03	6.174080e+03	
1.757811e+04	7.714552e+01	3.335775e+02	6.002738e+02	8.670603e+02	1.133830e+03	3.151021e+03	6.172523e+03	
2.376314e+04	7.981996e+01	3.347546e+02	6.001821e+02	8.670454e+02	1.133793e+03	3.150793e+03	6.173658e+03	
2.994800e+04	7.852220e+01	3.335722e+02	6.003336e+02	8.670373e+02	1.133965e+03	3.150893e+03	6.175145e+03	
3.613322e+04	8.068773e+01	3.355548e+02	6.000062e+02	8.669123e+02	1.133493e+03	3.150819e+03	6.172327e+03	
4.231787e+04	7.854414e+01	3.337541e+02	6.004794e+02	8.671884e+02	1.133950e+03	3.151058e+03	6.174234e+03	
4.850289e+04	7.636162e+01	3.335436e+02	6.002260e+02	8.670228e+02	1.133650e+03	3.151017e+03	6.175385e+03	
5.468777e+04	8.032463e+01	3.354115e+02	6.003308e+02	8.673091e+02	1.133924e+03	3.151073e+03	6.174215e+03	
6.087278e+04	8.017351e+01	3.351007e+02	6.003969e+02	8.669591e+02	1.133889e+03	3.151014e+03	6.173852e+03	
6.705772e+04	7.618396e+01	3.336458e+02	6.003736e+02	8.671091e+02	1.133793e+03	3.151075e+03	6.172860e+03	
7.324271e+04	7.879400e+01	3.338851e+02	6.002398e+02	8.670712e+02	1.133818e+03	3.151061e+03	6.173952e+03	
7.942757e+04	7.700254e+01	3.337453e+02	6.004985e+02	8.670029e+02	1.133740e+03	3.150992e+03	6.174666e+03	
8.561255e+04	7.542413e+01	3.336752e+02	6.003251e+02	8.670985e+02	1.133797e+03	3.151050e+03	6.174133e+03	
9.179750e+04	7.804585e+01	3.336681e+02	6.002819e+02	8.671049e+02	1.133919e+03	3.150933e+03	6.173849e+03	
9.798245e+04	7.988473e+01	3.347571e+02	6.002508e+02	8.673264e+02	1.133805e+03	3.151161e+03	6.173033e+03	
5.218506e+03	8.262677e+01	3.499774e+02	6.164999e+02	8.835228e+02	1.149985e+03	3.167506e+03	6.188890e+03	
1.141983e+04	7.994029e+01	3.348771e+02	6.002518e+02	8.671399e+02	1.133951e+03	3.151000e+03	6.173948e+03	
1.760490e+04	7.469262e+01	3.334873e+02	6.002674e+02	8.669736e+02	1.133692e+03	3.151022e+03	6.175306e+03	
2.378974e+04	7.397773e+01	3.335881e+02	6.003332e+02	8.672348e+02	1.133958e+03	3.151107e+03	6.174123e+03	
2.997471e+04	7.968265e+01	3.345688e+02	6.003976e+02	8.670829e+02	1.133917e+03	3.150941e+03	6.173699e+03	
3.615969e+04	7.846593e+01	3.335482e+02	6.003046e+02	8.671385e+02	1.133682e+03	3.151011e+03	6.173696e+03	
4.234458e+04	7.814777e+01	3.336848e+02	6.002115e+02	8.670893e+02	1.133884e+03	3.150905e+03	6.173967e+03	
4.852965e+04	8.169211e+01	3.502488e+02	6.168517e+02	8.836151e+02	1.150515e+03	3.167597e+03	6.190224e+03	
5.473107e+04	7.853919e+01	3.337081e+02	6.005180e+02	8.671672e+02	1.133947e+03	3.151224e+03	6.174223e+03	
6.091628e+04	7.989039e+01	3.348671e+02	6.001701e+02	8.671381e+02	1.133734e+03	3.150954e+03	6.173950e+03	
6.710111e+04	8.090574e+01	3.357324e+02	6.003322e+02	8.670451e+02	1.133916e+03	3.150753e+03	6.173660e+03	
7.328608e+04	7.592137e+01	3.334480e+02	6.002830e+02	8.670932e+02	1.133829e+03	3.150958e+03	6.172394e+03	
7.947103e+04	8.028534e+01	3.352823e+02	6.002731e+02	8.669637e+02	1.133841e+03	3.151005e+03	6.173796e+03	
8.565594e+04	8.147835e+01	3.365585e+02	6.004415e+02	8.671066e+02	1.133814e+03	3.150913e+03	6.175262e+03	
9.184089e+04	8.035754e+01	3.351980e+02	6.002759e+02	8.671955e+02	1.133770e+03	3.151147e+03	6.173959e+03	
9.802584e+04	7.649080e+01	3.335959e+02	6.003502e+02	8.670854e+02	1.133857e+03	3.150987e+03	6.173935e+03	
5.215203e+03	8.150242e+01	3.413818e+02	6.080618e+02	8.747623e+02	1.141507e+03	3.158745e+03	6.181717e+03	
1.140795e+04	8.107384e+01	3.360740e+02	6.002529e+02	8.668642e+02	1.133809e+03	3.150909e+03	6.174032e+03	
1.759277e+04	8.003903e+01	3.350448e+02	6.004822e+02	8.671987e+02	1.133951e+03	3.151074e+03	6.175625e+03	
2.377766e+04	7.832685e+01	3.337336e+02	6.004444e+02	8.672284e+02	1.133899e+03	3.151169e+03	6.174097e+03	
2.996264e+04	7.626819e+01	3.336472e+02	6.004019e+02	8.669378e+02	1.133850e+03	3.150920e+03	6.175316e+03	
3.614758e+04	8.043434e+01	3.354051e+02	6.004309e+02	8.672199e+02	1.133728e+03	3.151088e+03	6.173993e+03	
4.233256e+04	7.912631e+01	3.340776e+02	6.003761e+02	8.671321e+02	1.133958e+03	3.151014e+03	6.173953e+03	
4.851750e+04	7.877807e+01	3.337187e+02	6.004107e+02	8.671353e+02	1.133850e+03	3.151109e+03	6.175611e+03	
5.470247e+04	7.830844e+01	3.336954e+02	6.002964e+02	8.672309e+02	1.133833e+03	3.151141e+03	6.174023e+03	
6.088741e+04	7.864536e+01	3.336851e+02	6.004412e+02	8.670659e+02	1.133923e+03	3.151043e+03	6.174236e+03	
6.707243e+04	8.192710e+01	3.502729e+02	6.170275e+02	8.835960e+02	1.150604e+03	3.167635e+03	6.191335e+03	
7.327397e+04	8.136652e+01	3.362973e+02	6.004369e+02	8.672397e+02	1.133739e+03	3.151093e+03	6.173870e+03	
7.945897e+04	8.236736e+01	3.503115e+02	6.171026e+02	8.838307e+02	1.150407e+03	3.167751e+03	6.190495e+03	
8.566055e+04	8.022695e+01	3.353463e+02	6.004263e+02	8.671997e+02	1.133944e+03	3.151000e+03	6.174192e+03	
9.184551e+04	1.079620e+02	3.670603e+02	6.336744e+02	9.005221e+02	1.167220e+03	3.184531e+03	6.207521e+03	
9.806382e+04	7.884815e+01	3.338030e+02	6.004805e+02	8.670589e+02	1.133946e+03	3.151025e+03	6.174628e+03	
