loc1x	loc1y	block	angle	loc3x	loc3y	loc2x	loc2y	loc1-loc2dist	loc1-loc3dist	loc2-loc3dist	picid	contextid	cond	study order	refresh order	recog order	same/diff	same/diff rt	recog button	recog loc	recog rt
414	102	1	60	739	-5	483	-233	343	343	343	102	1	1	12	3	1	2	54	6	1	32
163	105	1	60	33	-322	-272	4	447	447	447	34	1	1	2	13	2	1	277	6	2	56
-216	100	1	60	29	300	79	-12	316	316	316	65	1	2	7	14	3	1	113	6	1	35
439	-321	1	-60	824	46	314	195	531	531	531	126	1	1	10	5	4	2	50	7	1	36
515	-20	1	-60	220	420	-13	-56	530	530	530	119	1	2	3	15	5	1	73	8	1	34
-242	91	1	-60	-517	-62	-247	-224	316	316	316	71	1	1	6	8	6	2	65	8	1	74
753	176	1	60	507	-414	118	94	641	641	641	106	1	1	13	7	7	2	52	8	1	33
-506	345	1	-60	-327	-320	160	167	690	690	690	112	1	2	15	6	8	1	50	6	1	26
-345	20	1	60	-129	-245	-467	-299	342	342	342	7	1	2	5	9	9	1	52	7	1	77
423	135	1	-60	-267	413	-163	-324	745	745	745	26	1	1	8	16	10	2	63	7	2	56
814	-262	1	60	232	-414	391	166	602	602	602	127	1	2	16	2	11	1	56	8	1	29
723	-277	1	60	175	-417	327	128	567	567	567	81	1	2	11	12	12	1	43	8	1	26
573	-250	1	60	674	-14	827	-219	256	256	256	72	1	1	1	4	13	2	60	6	1	116
41	57	1	-60	-451	415	-515	-191	609	609	609	29	1	1	4	1	14	1	124	8	1	55
29	160	1	-60	21	415	-196	280	255	255	255	70	1	2	14	10	15	1	74	8	1	64
-407	-144	1	60	-247	273	34	-74	447	447	447	66	1	2	9	11	16	1	48	6	1	34
-11	67	2	60	15	314	215	168	248	248	248	89	8	2	25	18	17	1	53	6	1	30
-470	139	2	60	299	419	156	-387	818	818	818	3	8	1	18	19	18	2	86	6	1	23
-630	319	2	-60	-264	-329	114	311	745	745	745	19	8	1	26	30	19	2	62	6	1	22
796	-249	2	-60	530	420	84	-146	720	720	720	100	8	1	22	31	20	2	73	8	1	26
354	-216	2	-60	186	126	-26	-191	381	381	381	2	8	1	32	21	21	2	51	8	1	29
-606	-332	2	60	-512	414	86	-40	752	752	752	122	8	2	17	28	22	1	50	6	1	27
-722	191	2	60	-576	-9	-823	-35	248	248	248	8	8	1	21	32	23	2	50	7	1	25
-809	410	2	60	-325	151	-792	-138	549	549	549	12	8	1	20	24	24	2	37	6	1	36
445	-247	2	60	-102	-284	139	208	549	549	549	88	8	2	31	20	25	1	69	8	1	32
362	328	2	60	558	-93	95	-52	465	465	465	49	8	1	27	17	26	2	73	7	1	65
575	-379	2	60	-167	-339	238	284	744	744	744	58	8	2	28	23	27	1	65	8	1	31
-154	-404	2	60	-17	-48	222	-344	381	381	381	87	8	2	19	25	28	1	40	6	1	36
-448	81	2	-60	-852	306	-845	-157	463	463	463	105	8	2	24	27	29	1	55	8	1	25
131	352	2	60	455	248	202	20	340	340	340	92	8	2	23	22	30	1	39	6	1	24
812	-266	2	-60	400	418	14	-282	799	799	799	103	8	2	29	29	31	1	68	8	1	28
-584	337	2	60	-352	88	-684	12	341	341	341	41	8	1	30	26	32	3	188	6	2	46
-246	148	3	60	206	-30	-175	-332	486	486	486	116	5	1	37	39	33	2	49	6	1	160
-518	-54	3	-60	-95	-395	-11	141	544	544	544	69	5	2	35	46	34	1	44	6	1	27
-856	356	3	-60	-446	-411	14	327	871	871	871	104	5	1	39	33	35	2	59	6	1	27
221	-44	3	60	13	-258	-69	29	300	300	300	96	5	2	44	40	36	1	55	8	1	34
-585	180	3	60	62	273	-182	-334	654	654	654	63	5	2	47	42	37	1	51	6	1	23
-773	71	3	60	-135	215	-330	-409	654	654	654	67	5	1	42	45	38	2	55	8	3	131
-311	213	3	-60	-406	-203	2	-78	428	428	428	15	5	2	38	43	39	1	36	7	1	61
506	-6	3	-60	42	128	158	-342	484	484	484	50	5	2	34	35	40	1	35	8	1	24
761	-296	3	60	302	-418	425	41	476	476	476	18	5	2	40	47	41	1	54	8	1	33
268	312	3	60	734	-331	-56	-413	795	795	795	33	5	1	43	34	42	2	64	7	1	23
-625	-164	3	60	-555	-416	-809	-351	263	263	263	90	5	1	46	37	43	1	231	6	2	25
851	102	3	60	853	-325	481	-113	428	428	428	117	5	1	36	38	44	2	52	8	3	64
-175	145	3	60	115	102	-68	-128	294	294	294	38	5	1	45	44	45	2	57	8	3	81
4	99	3	60	-176	-412	-529	0	543	543	543	13	5	1	33	36	46	2	57	8	1	45
-84	-255	3	60	-149	32	131	-55	294	294	294	11	5	2	41	48	47	1	70	7	1	26
701	-292	3	60	-87	-387	224	343	795	795	795	27	5	2	48	41	48	1	47	8	1	23
-162	-4	4	-60	-369	-226	-73	-295	305	305	305	40	6	1	63	52	49	2	65	7	1	29
860	-235	4	-60	727	223	397	-122	477	477	477	44	6	1	54	56	50	2	63	8	1	38
-665	-191	4	60	-111	327	60	-412	758	758	758	99	6	2	50	59	51	1	123	6	1	26
-262	-150	4	60	-8	415	354	-87	620	620	620	25	6	1	62	55	52	2	81	6	1	49
-485	-119	4	-60	-143	302	-678	387	542	542	542	108	6	2	52	60	53	1	47	7	1	25
15	156	4	60	231	28	11	-95	252	252	252	55	6	2	60	54	54	1	71	7	1	68
-3	-399	4	60	-150	-132	154	-138	305	305	305	32	6	2	53	63	55	2	88	8	2	29
555	361	4	-60	-137	109	427	-365	738	738	738	43	6	2	57	57	56	1	47	8	1	28
-446	-408	4	60	-316	118	74	-257	542	542	542	35	6	1	58	64	57	2	54	6	1	29
-266	-307	4	-60	-409	-98	-518	-327	253	253	253	54	6	1	51	61	58	2	46	8	1	23
-839	227	4	60	-251	414	-384	-189	617	617	617	62	6	2	56	50	59	1	45	6	1	22
143	223	4	-60	-592	297	-288	-377	739	739	739	4	6	1	59	58	60	1	43	7	2	24
258	-324	4	60	405	80	681	-249	430	430	430	51	6	2	61	62	61	1	61	6	1	29
-782	320	4	-60	-541	-416	-24	160	775	775	775	10	6	1	55	53	62	2	55	6	1	24
384	241	4	-60	-67	388	31	-77	476	476	476	30	6	2	49	49	63	1	78	8	1	25
-129	-260	4	-60	-359	103	-558	-278	430	430	430	93	6	1	64	51	64	2	74	8	1	259
859	-393	5	60	182	-338	568	221	680	680	680	20	4	1	68	71	65	2	56	8	1	39
-797	-159	5	-60	-196	-419	-271	231	655	655	655	98	4	2	66	75	66	1	63	6	1	31
345	284	5	60	136	-108	-100	269	446	446	446	74	4	2	75	76	67	1	45	8	1	31
-721	-252	5	60	-612	417	-88	-12	677	677	677	37	4	2	69	69	68	1	65	6	1	53
-86	136	5	-60	-235	368	-361	122	276	276	276	85	4	2	65	77	69	1	59	8	1	22
223	354	5	-60	447	47	601	394	381	381	381	125	4	2	76	74	70	1	57	6	1	19
3	-297	5	60	-125	62	249	-7	381	381	381	48	4	1	72	78	71	2	94	6	3	41
650	149	5	-60	567	-114	836	-55	277	277	277	53	4	1	80	73	72	2	50	7	1	27
-763	-368	5	60	-859	10	-484	-96	390	390	390	21	4	1	77	65	73	2	89	6	3	165
-132	203	5	-60	93	9	149	300	298	298	298	109	4	2	73	70	74	2	55	6	1	23
677	217	5	-60	381	249	502	-24	298	298	298	79	4	1	67	66	75	2	68	8	1	28
470	-308	5	60	70	93	617	239	567	567	567	124	4	2	79	72	76	1	39	7	1	23
652	-57	5	60	37	-404	43	302	707	707	707	101	4	1	74	68	77	2	51	7	2	77
38	-335	5	-60	556	-105	98	228	567	567	567	47	4	1	70	80	78	2	70	7	2	25
-515	36	5	-60	-642	-391	-208	-288	447	447	447	42	4	1	78	67	79	2	57	7	1	23
-482	-420	5	60	-470	287	136	-77	707	707	707	16	4	2	71	79	80	1	47	6	1	28
-190	412	6	-60	150	-352	642	324	837	837	837	59	3	1	93	82	81	2	61	6	1	37
813	123	6	60	399	-418	137	211	682	682	682	110	3	1	86	89	82	1	75	6	2	56
-578	257	6	-60	-760	-416	-86	-238	698	698	698	84	3	2	81	93	83	1	45	7	1	60
-514	-193	6	60	-779	-215	-666	26	267	267	267	75	3	1	82	86	84	2	61	8	1	28
812	404	6	60	753	-27	408	240	437	437	437	39	3	1	96	87	85	2	50	8	1	59
-379	-281	6	60	-225	139	61	-204	447	447	447	9	3	1	83	90	86	1	66	8	2	50
-822	112	6	-60	-375	-411	-145	237	689	689	689	57	3	1	84	84	87	2	67	6	1	26
-185	113	6	-60	-447	-26	-195	-184	298	298	298	45	3	2	89	92	88	1	45	8	1	65
170	-88	6	-60	712	-350	668	250	602	602	602	56	3	1	92	96	89	2	61	6	1	23
-774	-162	6	60	-240	417	-6	-335	788	788	788	6	3	2	91	91	90	1	53	6	1	24
225	381	6	60	599	158	218	-54	436	436	436	128	3	2	94	94	91	1	49	7	1	30
-798	-269	6	-60	-566	-80	-845	26	299	299	299	17	3	1	90	88	92	2	107	6	2	60
-532	229	6	-60	-231	-291	69	229	601	601	601	60	3	2	87	83	93	1	54	6	1	26
442	73	6	-60	857	-47	754	372	433	433	433	61	3	2	85	85	94	1	46	6	1	35
12	-224	6	-60	269	-150	77	35	268	268	268	86	3	2	95	81	95	1	78	6	1	43
669	371	6	60	858	-360	130	-158	756	756	756	76	3	2	88	95	96	1	53	7	1	26
320	-264	7	-60	6	51	-109	-379	445	445	445	31	2	2	106	111	97	1	66	8	1	29
172	22	7	60	606	227	566	-251	480	480	480	113	2	1	111	106	98	2	56	8	3	42
-304	-395	7	60	-387	77	63	-87	480	480	480	97	2	2	101	100	99	3	85	8	2	190
-167	-270	7	60	-132	63	138	-134	334	334	334	111	2	2	98	99	100	1	42	6	1	53
588	223	7	-60	-108	334	144	-325	706	706	706	114	2	2	104	103	101	1	69	8	1	28
-78	-100	7	60	-560	-411	-589	162	575	575	575	22	2	1	107	109	102	1	100	6	2	25
756	56	7	60	507	-166	439	161	334	334	334	64	2	1	97	108	103	2	43	8	1	30
680	-276	7	-60	763	413	125	140	694	694	694	95	2	2	110	102	104	1	90	7	1	65
801	389	7	60	517	-257	99	312	707	707	707	80	2	1	105	105	105	2	103	8	1	28
68	146	7	60	332	96	156	-107	268	268	268	78	2	2	102	98	106	1	68	6	1	34
-347	-40	7	-60	-228	-281	-79	-58	269	269	269	120	2	1	109	97	107	1	110	6	1	214
526	192	7	-60	145	-218	691	-344	561	561	561	107	2	2	108	101	108	1	68	7	1	27
-789	120	7	-60	-408	-419	-131	180	661	661	661	23	2	1	100	104	109	2	69	6	1	25
827	208	7	60	729	-416	237	-19	633	633	633	91	2	2	112	112	110	1	41	8	1	34
-697	-293	7	60	-348	147	-142	-375	562	562	562	1	2	1	103	107	111	2	56	6	1	29
363	251	7	-60	-76	326	79	-92	446	446	446	83	2	1	99	110	112	2	189	8	1	29
-458	-142	8	60	-729	294	-217	311	514	514	514	24	7	2	118	123	113	1	60	7	1	24
-290	-244	8	60	-322	418	267	115	663	663	663	14	7	1	126	124	114	2	48	7	1	23
-766	-202	8	-60	-115	-417	-254	254	686	686	686	28	7	2	115	127	115	1	49	6	1	26
725	-44	8	60	200	-416	139	225	645	645	645	82	7	2	117	119	116	1	71	8	1	27
579	-151	8	-60	786	417	191	312	605	605	605	121	7	2	120	128	117	1	60	7	1	22
328	-101	8	-60	75	128	3	-206	342	342	342	5	7	2	124	125	118	1	55	8	1	24
114	105	8	-60	200	383	-83	318	291	291	291	94	7	2	116	122	119	1	82	7	1	27
-216	-103	8	60	-496	-264	-496	59	324	324	324	115	7	2	119	126	120	1	69	8	1	27
-789	-306	8	60	-811	206	-357	-31	513	513	513	118	7	1	114	113	121	2	88	7	1	23
497	-182	8	-60	371	80	207	-161	291	291	291	123	7	1	121	116	122	2	56	8	1	42
294	-93	8	-60	619	-95	458	187	325	325	325	46	7	1	123	118	123	2	69	6	1	22
369	-234	8	60	31	-182	244	85	343	343	343	68	7	1	128	114	124	2	56	8	1	35
537	75	8	60	134	-313	-1	230	560	560	560	77	7	2	127	117	125	1	55	8	1	39
119	367	8	-60	-257	-380	578	-333	838	838	838	73	7	1	125	121	126	2	56	7	1	23
281	-222	8	60	341	336	794	5	561	561	561	52	7	1	113	115	127	2	44	6	1	39
789	226	8	-60	211	399	350	-189	605	605	605	36	7	1	122	120	128	2	64	8	1	35
